000 09 100 0B 105
001 0A 000 21 106
002 01 106 0C 102
003 0A 000 21 101

004 01 106 0C 101
005 0A 000 05 101
006 0C 102 0A 000
007 21 101 01 106

008 01 106 0C 101
009 0A 000 05 101
00A 0C 102 0A 000
00B 21 101 01 106

00C 01 106 0C 101
00D 0A 000 05 101
00E 0C 102 0A 000
00F 21 101 01 106

010 01 106 0C 101
011 0A 000 05 101
012 0C 102 0A 000
013 21 101 01 106

014 01 106 0C 101
015 0A 000 05 101
016 0C 102 0A 000
017 21 101 01 106

018 01 106 0C 101
019 0A 000 05 101
01A 0C 102 0A 000
01B 21 101 01 106

01C 01 106 0C 101
01D 0A 000 05 101
01E 0C 102 0A 000
01F 21 101 01 106

020 01 106 0C 101
021 0A 000 05 101
022 0C 102 0A 000
023 21 101 01 106

024 01 106 0C 101
025 0A 000 05 101
026 0C 102 0A 000
027 21 101 01 106

028 01 106 0C 101
029 0A 000 05 101
02A 0C 102 0A 000
02B 21 101 0E 400

100 00 000 00 00A
102 00 000 00 002
105 00 000 00 034


